-282 140
-137 -8
-129 0
-125 -3
-133 -14
-123 -23
-101 -11
-89 2
-89 45
-138 49
-154 70
-146 118
-134 138
-124 182
-97 159
-80 195
-41 133
-15 151
-12 143
-41 133
-134 122
-144 98
-121 103
-117 118
-104 116
-115 104
-35 125
-6 133
-7 125
-35 125
12 73
44 29
63 27
57 91
91 180
176 225
261 179
280 81
228 80
188 104
163 95
183 9
196 -88
163 -177
129 -215
92 -226
-100 -214
-77 -195
-59 -193
-20 -194
-45 -176
-74 -121
-68 -90
-56 -58
-63 -47
-94 -52
-74 -79
-85 -91
-115 -60
-128 -59
-136 -50
-134 -39
-148 -28
-157 -35
-161 -31
-153 -22
-285 119
-282 140